251.485198975 267.600952148 143.211425781 180.0
257.117218018 265.440307617 138.392578125 180.0
262.855255127 262.943664551 131.779296875 180.0
268.904998779 262.742492676 130.703521729 180.0
275.19039917 262.914672852 131.220123291 180.0
280.997589111 264.600952148 134.501174927 180.0
286.992889404 267.562805176 140.217193604 180.0
292.064819336 268.649291992 142.435058594 180.0
249.869384766 260.778991699 125.081161499 180.0
255.455215454 258.506530762 118.436538696 180.0
262.077667236 256.926940918 114.255081177 180.0
268.802185059 256.123046875 112.537307739 180.0
275.562744141 255.718841553 111.588973999 180.0
282.037139893 256.250671387 113.500991821 180.0
288.985076904 258.236450195 118.841217041 180.0
294.768737793 260.672058105 124.652450562 180.0
246.50138855 253.787017822 107.739456177 180.0
253.284255981 251.589157104 101.879501343 180.0
260.686126709 250.272262573 98.0193481445 180.0
268.624786377 249.939254761 96.7773590088 180.0
276.070678711 249.559661865 95.921005249 180.0
284.087341309 250.567184448 98.877746582 180.0
290.73336792 251.543457031 101.561050415 180.0
297.799316406 254.015228271 108.442489624 180.0
243.324813843 249.742095947 95.7791137695 180.0
250.932006836 247.31338501 88.9269561768 180.0
259.659362793 246.420700073 84.9514770508 180.0
268.008850098 245.996780396 83.3797912598 180.0
276.720947266 246.004684448 83.6797027588 180.0
285.891113281 246.566314697 85.6546020508 180.0
294.121337891 247.690429688 90.0545959473 180.0
300.946807861 248.778121948 93.8131866455 180.0
239.624893188 246.098052979 83.8901519775 180.0
247.294815063 245.199707031 78.2542114258 180.0
256.477264404 244.732910156 74.9269561768 180.0
267.278289795 244.449020386 72.7687530518 180.0
278.222198486 244.966506958 73.4217834473 180.0
288.247711182 245.434860229 74.9607543945 180.0
296.81652832 245.103317261 77.4669952393 180.0
305.627990723 246.598434448 83.555770874 180.0
234.543212891 243.938964844 73.7009887695 180.0
242.770812988 243.365524292 67.7146606445 180.0
254.249664307 243.192184448 63.8707122803 180.0
265.701080322 243.326858521 61.2424888611 180.0
280.427764893 243.46963501 62.029499054 180.0
291.733459473 243.086715698 63.311920166 180.0
302.552398682 243.199127197 67.477645874 180.0
311.098602295 243.603713989 73.5630950928 180.0
226.673034668 241.968841553 65.770324707 180.0
236.7240448 244.082519531 59.6424865723 180.0
249.844116211 245.446380615 55.6546936035 180.0
264.410522461 246.322662354 53.4137763977 180.0
281.492553711 246.015045166 53.5003967285 180.0
297.365936279 245.339157104 55.8489341736 180.0
309.159942627 244.037506104 59.700302124 180.0
318.705657959 243.811233521 66.0167999268 180.0
218.382949829 244.232025146 59.9326248169 180.0
226.5052948 245.713668823 53.462310791 180.0
241.075378418 248.481933594 48.6350669861 180.0
263.378814697 250.462692261 46.1432685852 180.0
286.769439697 250.656448364 46.3293037415 180.0
306.182678223 248.574905396 49.0630950928 180.0
319.359405518 246.101364136 54.0273513794 180.0
328.545501709 243.998443604 61.046005249 180.0
