 86 00 43 00 00 00 00 00 00 00 00 00 00 00 00 00
 00 00 00 00 00 00 00 00 00 00 00 00 00 00 00 00
 00 00 00 01 01 01 01 00 00 00 00 07 01 07 07 00
 00 00 00 07 07 07 00 07 00 00 00 00 00 00 00 07
 00 00 00 8d 00 0a 6b 3f 28 92 01 25 44 47 54 20
 50 72 6f 6a 65 63 74 73 20 2d 20 54 68 69 73 20
 44 47 54 20 62 6f 61 72 64 20 69 73 20 70 72 6f
 64 75 63 65 64 20 62 79 20 44 47 54 20 50 72 6f
 6a 65 63 74 73 2e 20 0a 0a 44 47 54 20 50 72 6f
 6a 65 63 74 73 20 69 73 20 61 20 72 65 67 69 73
 74 65 72 65 64 20 74 72 61 64 65 20 6d 61 72 6b
